00
00
00
00
00
00
61
00
00
82
00
00
00
E2
00
00
00
00
00
00
01
41
61
00
00
00
02
22
21
42
62
00
00
08
04
24
44
68
64
00
00
E1
10
28
50
48
70
00
00
E8
F0
D0
30
B0
90
00
00
00
E4
C8
A8
88
84
00
00
E8
C4
A4
A2
81
82
00
00
E4
10
C2
A2
A1
C8
00
00
00
88
00
B0
C2
00
00
62
00
C1
A8
00
24
00
00
00
00
00
00
00
00
81
00
00
00
00
00
00
00
00
00
00
00
00
00
00
00
E1
00
00
C4
00
C8
F0
00
00
00
00
00
00
00
00
00
00
00
00
00
00
00
00
00
00
00
00
00
00
00
E2
00
00
00
00
00
00
00
00
00
00
01
00
00
00
00
00
00
00
E2
00
00
00
00
00
00
00
E2
00
00
00
00
00
00
00
00
00
00
00
00
00
00
00
00
00
00
00
00
00
00
00
00
00
00
10
00
00
00
00
00
00
00
00
00
00
00
00
00
00
00
C1
00
00
00
00
00
00
00
00
00
00
00
00
00
00
00
00
70
00
00
00
00
00
00
90
00
84
88
00
00
00
00
00
00
00
00
00
00
00
00
00
00
00
00
61
00
00
00
00
00
00
E2
00
00
00
00
00
00
01
41
61
00
00
00
02
22
21
42
62
00
00
08
04
24
44
68
64
00
00
E1
10
28
50
48
70
00
00
E8
F0
D0
30
B0
D0
00
00
00
E4
C8
A8
90
F0
00
00
48
C4
A4
A2
82
84
00
00
50
08
C2
02
A1
81
00
00
00
A1
00
28
C4
00
00
62
00
C1
A8
00
22
00
00
00
00
00
00
00
00
00
00
00
00
00
00
00
00
00
00
00
00
00
00
00
00
E1
00
00
C4
00
C8
F0
00
00
00
00
00
00
00
00
00
00
00
00
00
00
00
00
00
00
00
00
00
00
00
E2
00
00
00
00
00
00
00
00
00
00
01
00
00
00
00
00
00
00
E2
00
00
00
00
00
00
00
E2
00
00
00
00
00
00
00
00
00
00
00
00
00
00
00
00
00
00
00
00
00
00
00
00
00
00
10
00
00
00
00
00
00
00
00
00
00
00
00
00
00
00
C1
00
00
00
00
00
00
00
00
00
00
00
00
00
00
00
00
70
00
00
00
00
00
00
90
00
84
88
00
00
00
00
00
00
00
00
00
00
00
00
00
00
00
00
61
00
00
00
00
00
00
E2
00
00
00
00
00
00
01
00
00
00
00
00
00
00
00
00
00
00
00
00
00
00
00
00
00
00
00
E1
00
00
00
00
00
00
00
00
00
00
00
00
00
00
00
00
00
00
00
00
00
00
00
00
00
00
00
00
00
00
00
00
00
00
00
00
00
00
00
00
00
00
00
00
00
00
62
00
C1
00
00
00
00
00
00
00
00
00
00
00
00
00
00
00
00
00
00
00
00
00
00
00
00
00
00
00
E1
00
00
C4
00
C8
F0
00
00
00
00
00
00
00
00
00
00
00
00
00
00
00
00
00
00
00
00
00
00
00
E2
00
00
00
00
00
00
00
00
00
00
01
00
00
00
00
00
00
00
E2
00
00
00
00
00
00
00
E2
00
00
00
00
00
00
00
00
00
00
00
00
00
00
00
00
00
00
00
00
00
00
00
00
00
00
10
00
00
00
00
00
00
00
00
00
00
00
00
00
00
00
C1
00
00
00
00
00
00
00
00
00
00
00
00
00
00
00
00
70
00
00
00
00
00
00
90
00
84
88
00
00
00
00
00
00
00
00
00
00
00
00
00
00
00
00
61
00
00
00
00
00
00
E2
00
00
00
00
00
00
01
00
00
00
00
00
00
00
00
00
00
00
00
00
00
00
00
00
00
00
00
E1
00
00
00
00
00
00
00
00
00
00
00
00
00
00
00
00
00
00
00
00
00
00
00
00
00
00
00
00
00
00
00
00
00
00
00
00
00
00
00
00
00
00
00
00
00
00
62
00
C1
00
00
00
00
00
00
00
00
00
00
00
00
00
00
00
00
00
00
00
00
00
00
00
00
00
00
00
E1
00
00
C4
00
C8
F0
00
00
00
00
00
00
00
00
00
00
00
00
00
00
00
00
00
00
00
00
00
00
00
E2
00
00
00
00
00
00
00
00
00
00
01
00
00
00
00
00
00
00
E2
00
00
00
00
00
00
00
E2
00
00
00
00
00
00
00
00
00
00
00
00
00
00
00
00
00
00
00
00
00
00
00
00
00
00
10
00
00
00
00
00
00
00
00
00
00
00
00
00
00
00
C1
00
00
00
00
00
00
00
00
00
00
00
00
00
00
00
00
70
00
00
00
00
00
00
90
00
84
88
00
00
00
00
00
00
00
00
00
00
00
00
00
00
00
00
61
00
00
00
00
00
00
E2
00
00
00
00
00
00
01
00
00
00
00
00
00
00
00
00
00
00
00
00
00
00
00
00
00
00
00
E1
00
00
00
00
00
00
00
00
00
00
00
00
00
00
00
00
00
00
00
00
00
00
00
00
00
00
00
00
00
00
00
00
00
00
00
00
00
00
00
00
00
00
00
00
00
00
62
00
C1
00
00
00
00
00
00
00
00
00
00
00
00
00
00
00
00
00
00
00
00
00
00
00
00
00
00
00
E1
00
00
C4
00
C8
F0
00
00
00
00
00
00
00
00
00
00
00
00
00
00
00
00
00
00
00
00
00
00
00
E2
00
00
00
00
00
00
00
00
00
00
01
00
00
00
00
00
00
00
E2
00
00
00
00
00
00
00
E2
00
00
00
00
00
00
00
00
00
00
00
00
00
00
00
00
00
00
00
00
00
00
00
00
00
00
10
00
00
00
00
00
00
00
00
00
00
00
00
00
00
00
C1
00
00
00
00
00
00
00
00
00
00
00
00
00
00
00
00
70
00
00
00
00
00
00
90
00
84
88
00
00
00
00
00
00
00
00
00
00
00
00
00
00
00
00
61
00
00
00
00
00
00
E2
00
00
00
00
00
00
01
00
00
00
00
00
00
00
00
00
00
00
00
00
00
00
00
00
00
00
00
E1
00
00
00
00
00
00
00
00
00
00
00
00
00
00
00
00
00
00
00
00
00
00
00
00
00
00
00
00
00
00
00
00
00
00
00
00
00
00
00
00
00
00
00
00
00
00
62
00
C1
00
00
00
00
00
00
00
00
00
00
00
00
00
00
00
00
00
00
00
00
00
00
00
00
00
00
00
E1
00
00
C4
00
C8
F0
00
00
00
00
00
00
00
00
00
00
00
00
00
00
00
00
00
00
00
00
00
00
00
E2
00
00
00
00
00
00
00
00
00
00
01
00
00
00
00
00
00
00
E2
00
00
00
00
00
00
00
E2
00
00
00
00
00
00
00
00
00
00
00
00
00
00
00
00
00
00
00
00
00
00
00
00
00
00
10
00
00
00
00
00
00
00
00
00
00
00
00
00
00
00
C1
00
00
00
00
00
00
00
00
00
00
00
00
00
00
00
00
70
00
00
00
00
00
00
90
00
84
88
00
00
00
00
00
00
00
00
00
00
00
00
00
00
00
00
61
00
00
00
00
00
00
E2
00
00
00
00
00
00
01
00
00
00
00
00
00
00
00
00
00
00
00
00
00
00
00
00
00
00
00
E1
00
00
00
00
00
00
00
00
00
00
00
00
00
00
00
00
00
00
00
00
00
00
00
00
00
00
00
00
00
00
00
00
00
00
00
00
00
00
00
00
00
00
00
00
00
00
62
00
C1
00
00
00
00
00
00
00
00
00
00
00
00
00
00
00
00
00
00
00
00
00
00
00
00
00
00
00
E1
00
00
C4
00
C8
F0
00
00
00
00
00
00
00
00
00
00
00
00
00
00
00
00
00
00
00
00
00
00
00
E2
00
00
00
00
00
00
00
00
00
00
01
00
00
00
00
00
00
00
E2
00
00
00
00
00
00
00
E2
00
00
00
00
00
00
00
00
00
00
00
00
00
00
00
00
00
00
00
00
00
00
00
00
00
00
10
00
00
00
00
00
00
00
00
00
00
00
00
00
00
00
C1
00
00
00
00
00
00
00
00
00
00
00
00
00
00
00
00
70
00
00
00
00
00
00
90
00
84
88
00
00
00
00
00
00
00
00
00
00
00
00
00
00
00
00
61
00
00
00
00
00
00
E2
00
00
00
00
00
00
01
00
00
00
00
00
00
00
00
00
00
00
00
00
00
00
00
00
00
00
00
E1
00
00
00
00
00
00
00
00
00
00
00
00
00
00
00
00
00
00
00
00
00
00
00
00
00
00
00
00
00
00
00
00
00
00
00
00
00
00
00
00
00
00
00
00
00
00
62
00
C1
00
00
00
00
00
00
00
00
00
00
00
00
00
00
00
00
00
00
00
00
00
00
00
00
00
00
00
E1
00
00
C4
00
C8
F0
00
00
00
00
00
00
00
00
00
00
00
00
00
00
00
00
00
00
00
00
00
00
00
E2
00
00
00
00
00
00
00
00
00
00
01
00
00
00
00
00
00
00
E2
00
00
00
00
00
00
00
E2
00
00
00
00
00
00
00
00
00
00
00
00
00
00
00
00
00
00
00
00
00
00
00
00
00
00
10
00
00
00
00
00
00
00
00
00
00
00
00
00
00
00
C1
00
00
00
00
00
00
00
00
00
00
00
00
00
00
00
00
70
00
00
00
00
00
00
90
00
84
88
00
00
00
00
00
00
00
00
00
00
